{
 "cells": [
  {
   "cell_type": "code",
   "execution_count": null,
   "metadata": {},
   "outputs": [],
   "source": [
    "pip install python-tsp"
   ]
  },
  {
   "cell_type": "code",
   "execution_count": 58,
   "metadata": {},
   "outputs": [],
   "source": [
    "#Importando Bibliotecas\n",
    "import pandas as pd\n",
    "import urllib.request, json\n",
    "import requests\n",
    "import numpy as np\n",
    "from python_tsp.exact import solve_tsp_dynamic_programming"
   ]
  },
  {
   "cell_type": "code",
   "execution_count": 56,
   "metadata": {},
   "outputs": [
    {
     "data": {
      "text/html": [
       "<div>\n",
       "<style scoped>\n",
       "    .dataframe tbody tr th:only-of-type {\n",
       "        vertical-align: middle;\n",
       "    }\n",
       "\n",
       "    .dataframe tbody tr th {\n",
       "        vertical-align: top;\n",
       "    }\n",
       "\n",
       "    .dataframe thead th {\n",
       "        text-align: right;\n",
       "    }\n",
       "</style>\n",
       "<table border=\"1\" class=\"dataframe\">\n",
       "  <thead>\n",
       "    <tr style=\"text-align: right;\">\n",
       "      <th></th>\n",
       "      <th>CEP</th>\n",
       "    </tr>\n",
       "  </thead>\n",
       "  <tbody>\n",
       "    <tr>\n",
       "      <th>0</th>\n",
       "      <td>01001000</td>\n",
       "    </tr>\n",
       "    <tr>\n",
       "      <th>1</th>\n",
       "      <td>13040709</td>\n",
       "    </tr>\n",
       "    <tr>\n",
       "      <th>2</th>\n",
       "      <td>13484350</td>\n",
       "    </tr>\n",
       "    <tr>\n",
       "      <th>3</th>\n",
       "      <td>13083710</td>\n",
       "    </tr>\n",
       "    <tr>\n",
       "      <th>4</th>\n",
       "      <td>13970390</td>\n",
       "    </tr>\n",
       "    <tr>\n",
       "      <th>5</th>\n",
       "      <td>13971260</td>\n",
       "    </tr>\n",
       "    <tr>\n",
       "      <th>6</th>\n",
       "      <td>13087506</td>\n",
       "    </tr>\n",
       "    <tr>\n",
       "      <th>7</th>\n",
       "      <td>13035000</td>\n",
       "    </tr>\n",
       "    <tr>\n",
       "      <th>8</th>\n",
       "      <td>13073003</td>\n",
       "    </tr>\n",
       "    <tr>\n",
       "      <th>9</th>\n",
       "      <td>03065010</td>\n",
       "    </tr>\n",
       "    <tr>\n",
       "      <th>10</th>\n",
       "      <td>04142091</td>\n",
       "    </tr>\n",
       "    <tr>\n",
       "      <th>11</th>\n",
       "      <td>13480357</td>\n",
       "    </tr>\n",
       "    <tr>\n",
       "      <th>12</th>\n",
       "      <td>13098422</td>\n",
       "    </tr>\n",
       "    <tr>\n",
       "      <th>13</th>\n",
       "      <td>13331530</td>\n",
       "    </tr>\n",
       "    <tr>\n",
       "      <th>14</th>\n",
       "      <td>13400330</td>\n",
       "    </tr>\n",
       "    <tr>\n",
       "      <th>15</th>\n",
       "      <td>13065030</td>\n",
       "    </tr>\n",
       "    <tr>\n",
       "      <th>16</th>\n",
       "      <td>13348290</td>\n",
       "    </tr>\n",
       "    <tr>\n",
       "      <th>17</th>\n",
       "      <td>86055660</td>\n",
       "    </tr>\n",
       "    <tr>\n",
       "      <th>18</th>\n",
       "      <td>13348884</td>\n",
       "    </tr>\n",
       "  </tbody>\n",
       "</table>\n",
       "</div>"
      ],
      "text/plain": [
       "         CEP\n",
       "0   01001000\n",
       "1   13040709\n",
       "2   13484350\n",
       "3   13083710\n",
       "4   13970390\n",
       "5   13971260\n",
       "6   13087506\n",
       "7   13035000\n",
       "8   13073003\n",
       "9   03065010\n",
       "10  04142091\n",
       "11  13480357\n",
       "12  13098422\n",
       "13  13331530\n",
       "14  13400330\n",
       "15  13065030\n",
       "16  13348290\n",
       "17  86055660\n",
       "18  13348884"
      ]
     },
     "execution_count": 56,
     "metadata": {},
     "output_type": "execute_result"
    }
   ],
   "source": [
    "#Definindo CEP's de entrada para o modelo\n",
    "data = pd.DataFrame(['01001000','13040709','13484350','13083710','13970390','13971260',\n",
    "                     '13087506','13035000','13073003','03065010','04142091','13480357',\n",
    "                     '13098422','13331530','13400330','13065030','13348290','86055660',\n",
    "                     '13348884'], columns = [\"CEP\"])\n",
    "                     \n",
    "data"
   ]
  },
  {
   "cell_type": "code",
   "execution_count": 57,
   "metadata": {},
   "outputs": [
    {
     "data": {
      "text/html": [
       "<div>\n",
       "<style scoped>\n",
       "    .dataframe tbody tr th:only-of-type {\n",
       "        vertical-align: middle;\n",
       "    }\n",
       "\n",
       "    .dataframe tbody tr th {\n",
       "        vertical-align: top;\n",
       "    }\n",
       "\n",
       "    .dataframe thead th {\n",
       "        text-align: right;\n",
       "    }\n",
       "</style>\n",
       "<table border=\"1\" class=\"dataframe\">\n",
       "  <thead>\n",
       "    <tr style=\"text-align: right;\">\n",
       "      <th></th>\n",
       "      <th>CEP</th>\n",
       "      <th>Rua</th>\n",
       "      <th>Bairro</th>\n",
       "      <th>Cidade</th>\n",
       "      <th>Estado</th>\n",
       "    </tr>\n",
       "  </thead>\n",
       "  <tbody>\n",
       "    <tr>\n",
       "      <th>0</th>\n",
       "      <td>01001000</td>\n",
       "      <td>Praça da Sé</td>\n",
       "      <td>Sé</td>\n",
       "      <td>São Paulo</td>\n",
       "      <td>SP</td>\n",
       "    </tr>\n",
       "    <tr>\n",
       "      <th>1</th>\n",
       "      <td>13040709</td>\n",
       "      <td>Rua Ezequiel Foga</td>\n",
       "      <td>Loteamento Parque São Martinho</td>\n",
       "      <td>Campinas</td>\n",
       "      <td>SP</td>\n",
       "    </tr>\n",
       "    <tr>\n",
       "      <th>2</th>\n",
       "      <td>13484350</td>\n",
       "      <td>Rua Pedro Zaccaria</td>\n",
       "      <td>Jardim Santa Luiza</td>\n",
       "      <td>Limeira</td>\n",
       "      <td>SP</td>\n",
       "    </tr>\n",
       "    <tr>\n",
       "      <th>3</th>\n",
       "      <td>13083710</td>\n",
       "      <td>Rua Doutor Ruberlei Boareto da Silva</td>\n",
       "      <td>Cidade Universitária</td>\n",
       "      <td>Campinas</td>\n",
       "      <td>SP</td>\n",
       "    </tr>\n",
       "    <tr>\n",
       "      <th>4</th>\n",
       "      <td>13970390</td>\n",
       "      <td>Rua da Penha</td>\n",
       "      <td>Chácara Freitas</td>\n",
       "      <td>Itapira</td>\n",
       "      <td>SP</td>\n",
       "    </tr>\n",
       "    <tr>\n",
       "      <th>5</th>\n",
       "      <td>13971260</td>\n",
       "      <td>Rua David Faraco</td>\n",
       "      <td>Jardim Galego</td>\n",
       "      <td>Itapira</td>\n",
       "      <td>SP</td>\n",
       "    </tr>\n",
       "    <tr>\n",
       "      <th>6</th>\n",
       "      <td>13087506</td>\n",
       "      <td>Rua Clóvis Teixeira</td>\n",
       "      <td>Mansões Santo Antônio</td>\n",
       "      <td>Campinas</td>\n",
       "      <td>SP</td>\n",
       "    </tr>\n",
       "    <tr>\n",
       "      <th>7</th>\n",
       "      <td>13035000</td>\n",
       "      <td>Rua Francisco de Assis Pupo</td>\n",
       "      <td>Vila Industrial</td>\n",
       "      <td>Campinas</td>\n",
       "      <td>SP</td>\n",
       "    </tr>\n",
       "    <tr>\n",
       "      <th>8</th>\n",
       "      <td>13073003</td>\n",
       "      <td>Rua Dom Pedro I</td>\n",
       "      <td>Jardim Brasil</td>\n",
       "      <td>Campinas</td>\n",
       "      <td>SP</td>\n",
       "    </tr>\n",
       "    <tr>\n",
       "      <th>9</th>\n",
       "      <td>03065010</td>\n",
       "      <td>Rua Potiguares</td>\n",
       "      <td>Tatuapé</td>\n",
       "      <td>São Paulo</td>\n",
       "      <td>SP</td>\n",
       "    </tr>\n",
       "    <tr>\n",
       "      <th>10</th>\n",
       "      <td>04142091</td>\n",
       "      <td>Avenida Bosque da Saúde</td>\n",
       "      <td>Saúde</td>\n",
       "      <td>São Paulo</td>\n",
       "      <td>SP</td>\n",
       "    </tr>\n",
       "    <tr>\n",
       "      <th>11</th>\n",
       "      <td>13480357</td>\n",
       "      <td>Rua Padre Elias Fadul</td>\n",
       "      <td>Jardim Montezuma</td>\n",
       "      <td>Limeira</td>\n",
       "      <td>SP</td>\n",
       "    </tr>\n",
       "    <tr>\n",
       "      <th>12</th>\n",
       "      <td>13098422</td>\n",
       "      <td>Rua Ângelo Sellin</td>\n",
       "      <td>Jardim Myrian Moreira da Costa</td>\n",
       "      <td>Campinas</td>\n",
       "      <td>SP</td>\n",
       "    </tr>\n",
       "    <tr>\n",
       "      <th>13</th>\n",
       "      <td>13331530</td>\n",
       "      <td>Rua Viale Itália</td>\n",
       "      <td>Jardim Vila Paradiso</td>\n",
       "      <td>Indaiatuba</td>\n",
       "      <td>SP</td>\n",
       "    </tr>\n",
       "    <tr>\n",
       "      <th>14</th>\n",
       "      <td>13400330</td>\n",
       "      <td>Rua São José</td>\n",
       "      <td>Centro</td>\n",
       "      <td>Piracicaba</td>\n",
       "      <td>SP</td>\n",
       "    </tr>\n",
       "    <tr>\n",
       "      <th>15</th>\n",
       "      <td>13065030</td>\n",
       "      <td>Rua Matheus Maccari</td>\n",
       "      <td>Parque Via Norte</td>\n",
       "      <td>Campinas</td>\n",
       "      <td>SP</td>\n",
       "    </tr>\n",
       "    <tr>\n",
       "      <th>16</th>\n",
       "      <td>13348290</td>\n",
       "      <td>Rua Antônio Angelino Rossi</td>\n",
       "      <td>Jardim Morada do Sol</td>\n",
       "      <td>Indaiatuba</td>\n",
       "      <td>SP</td>\n",
       "    </tr>\n",
       "    <tr>\n",
       "      <th>17</th>\n",
       "      <td>86055660</td>\n",
       "      <td>Rua Agostinho Hass</td>\n",
       "      <td>Gleba Fazenda Palhano</td>\n",
       "      <td>Londrina</td>\n",
       "      <td>PR</td>\n",
       "    </tr>\n",
       "    <tr>\n",
       "      <th>18</th>\n",
       "      <td>13348884</td>\n",
       "      <td>Rua Lucimeire de Fátima Coleone</td>\n",
       "      <td>Jardim Regina</td>\n",
       "      <td>Indaiatuba</td>\n",
       "      <td>SP</td>\n",
       "    </tr>\n",
       "  </tbody>\n",
       "</table>\n",
       "</div>"
      ],
      "text/plain": [
       "         CEP                                   Rua  \\\n",
       "0   01001000                           Praça da Sé   \n",
       "1   13040709                     Rua Ezequiel Foga   \n",
       "2   13484350                    Rua Pedro Zaccaria   \n",
       "3   13083710  Rua Doutor Ruberlei Boareto da Silva   \n",
       "4   13970390                          Rua da Penha   \n",
       "5   13971260                      Rua David Faraco   \n",
       "6   13087506                   Rua Clóvis Teixeira   \n",
       "7   13035000           Rua Francisco de Assis Pupo   \n",
       "8   13073003                       Rua Dom Pedro I   \n",
       "9   03065010                        Rua Potiguares   \n",
       "10  04142091               Avenida Bosque da Saúde   \n",
       "11  13480357                 Rua Padre Elias Fadul   \n",
       "12  13098422                     Rua Ângelo Sellin   \n",
       "13  13331530                      Rua Viale Itália   \n",
       "14  13400330                          Rua São José   \n",
       "15  13065030                   Rua Matheus Maccari   \n",
       "16  13348290            Rua Antônio Angelino Rossi   \n",
       "17  86055660                    Rua Agostinho Hass   \n",
       "18  13348884       Rua Lucimeire de Fátima Coleone   \n",
       "\n",
       "                            Bairro      Cidade Estado  \n",
       "0                               Sé   São Paulo     SP  \n",
       "1   Loteamento Parque São Martinho    Campinas     SP  \n",
       "2               Jardim Santa Luiza     Limeira     SP  \n",
       "3             Cidade Universitária    Campinas     SP  \n",
       "4                  Chácara Freitas     Itapira     SP  \n",
       "5                    Jardim Galego     Itapira     SP  \n",
       "6            Mansões Santo Antônio    Campinas     SP  \n",
       "7                  Vila Industrial    Campinas     SP  \n",
       "8                    Jardim Brasil    Campinas     SP  \n",
       "9                          Tatuapé   São Paulo     SP  \n",
       "10                           Saúde   São Paulo     SP  \n",
       "11                Jardim Montezuma     Limeira     SP  \n",
       "12  Jardim Myrian Moreira da Costa    Campinas     SP  \n",
       "13            Jardim Vila Paradiso  Indaiatuba     SP  \n",
       "14                          Centro  Piracicaba     SP  \n",
       "15                Parque Via Norte    Campinas     SP  \n",
       "16            Jardim Morada do Sol  Indaiatuba     SP  \n",
       "17           Gleba Fazenda Palhano    Londrina     PR  \n",
       "18                   Jardim Regina  Indaiatuba     SP  "
      ]
     },
     "execution_count": 57,
     "metadata": {},
     "output_type": "execute_result"
    }
   ],
   "source": [
    "#Coletando Dados de Endereço\n",
    "rua = []\n",
    "bairro = []\n",
    "cidade = []\n",
    "estado = []\n",
    "\n",
    "for i in data[\"CEP\"]:\n",
    "    with urllib.request.urlopen(f\"https://viacep.com.br/ws/{i}/json/\") as url:\n",
    "        address = json.loads(url.read().decode())\n",
    "    rua.append(   address['logradouro'])\n",
    "    bairro.append(address['bairro'])\n",
    "    cidade.append(address['localidade'])\n",
    "    estado.append(address['uf'])\n",
    "\n",
    "data[\"Rua\"]    = rua\n",
    "data[\"Bairro\"] = bairro\n",
    "data[\"Cidade\"] = cidade\n",
    "data[\"Estado\"] = estado\n",
    "\n",
    "data"
   ]
  },
  {
   "cell_type": "code",
   "execution_count": 6,
   "metadata": {},
   "outputs": [],
   "source": [
    "#Determinação de matrizes de Distâncias e Tempo nulas\n",
    "l = len(data[\"CEP\"])\n",
    "dist_matrix = np.zeros((l,l), dtype = np.float64)\n",
    "time_matrix = np.zeros((l,l), dtype = np.float64)\n",
    "\n",
    "#Atribuição de Valores às Matrizes de Distância e Tempo\n",
    "for i in range(l):\n",
    "    for j in range(i+1,l):\n",
    "        api_key  = Your_Key\n",
    "        \n",
    "        rota = f\"https://maps.googleapis.com/maps/api/distancematrix/json?origins={data['Rua'][i]}-{data['Bairro'][i]}-{data['Cidade'][i]}-{data['Estado'][i]}&destinations={data['Rua'][j]}-{data['Bairro'][j]}-{data['Cidade'][j]}-{data['Estado'][j]}&key={api_key}\" #URL de coleta de dados\n",
    "        response = requests.get(url = rota)\n",
    "        result = response.json()\n",
    "        dist_matrix[i][j] = (float(result[\"rows\"][0]['elements'][0]['distance']['value'])) #Criação da Matriz de distâncias triângular superior\n",
    "        dist_matrix[j][i] = dist_matrix[i][j] #Criação da simetria da matriz\n",
    "        time_matrix[i][j] = (float(result[\"rows\"][0]['elements'][0]['duration']['value'])) #Criação da Matriz de distâncias triângular superior\n",
    "        time_matrix[j][i] = time_matrix[i][j] #Criação da simetria da matriz\n",
    "\n",
    "dist_matrix = pd.DataFrame(dist_matrix)\n",
    "time_matrix = pd.DataFrame(time_matrix)"
   ]
  },
  {
   "cell_type": "code",
   "execution_count": 7,
   "metadata": {},
   "outputs": [
    {
     "data": {
      "text/html": [
       "<div>\n",
       "<style scoped>\n",
       "    .dataframe tbody tr th:only-of-type {\n",
       "        vertical-align: middle;\n",
       "    }\n",
       "\n",
       "    .dataframe tbody tr th {\n",
       "        vertical-align: top;\n",
       "    }\n",
       "\n",
       "    .dataframe thead th {\n",
       "        text-align: right;\n",
       "    }\n",
       "</style>\n",
       "<table border=\"1\" class=\"dataframe\">\n",
       "  <thead>\n",
       "    <tr style=\"text-align: right;\">\n",
       "      <th></th>\n",
       "      <th>0</th>\n",
       "      <th>1</th>\n",
       "      <th>2</th>\n",
       "      <th>3</th>\n",
       "      <th>4</th>\n",
       "      <th>5</th>\n",
       "      <th>6</th>\n",
       "      <th>7</th>\n",
       "      <th>8</th>\n",
       "      <th>9</th>\n",
       "      <th>10</th>\n",
       "      <th>11</th>\n",
       "      <th>12</th>\n",
       "      <th>13</th>\n",
       "      <th>14</th>\n",
       "      <th>15</th>\n",
       "      <th>16</th>\n",
       "      <th>17</th>\n",
       "      <th>18</th>\n",
       "    </tr>\n",
       "  </thead>\n",
       "  <tbody>\n",
       "    <tr>\n",
       "      <th>0</th>\n",
       "      <td>0.0</td>\n",
       "      <td>87677.0</td>\n",
       "      <td>160806.0</td>\n",
       "      <td>107135.0</td>\n",
       "      <td>162064.0</td>\n",
       "      <td>164832.0</td>\n",
       "      <td>103890.0</td>\n",
       "      <td>93170.0</td>\n",
       "      <td>96389.0</td>\n",
       "      <td>8348.0</td>\n",
       "      <td>9538.0</td>\n",
       "      <td>146051.0</td>\n",
       "      <td>105595.0</td>\n",
       "      <td>108486.0</td>\n",
       "      <td>157065.0</td>\n",
       "      <td>99007.0</td>\n",
       "      <td>108616.0</td>\n",
       "      <td>565191.0</td>\n",
       "      <td>109777.0</td>\n",
       "    </tr>\n",
       "    <tr>\n",
       "      <th>1</th>\n",
       "      <td>87677.0</td>\n",
       "      <td>0.0</td>\n",
       "      <td>62963.0</td>\n",
       "      <td>25758.0</td>\n",
       "      <td>83977.0</td>\n",
       "      <td>86744.0</td>\n",
       "      <td>25802.0</td>\n",
       "      <td>7241.0</td>\n",
       "      <td>10460.0</td>\n",
       "      <td>91753.0</td>\n",
       "      <td>98425.0</td>\n",
       "      <td>58366.0</td>\n",
       "      <td>27508.0</td>\n",
       "      <td>33479.0</td>\n",
       "      <td>74352.0</td>\n",
       "      <td>13083.0</td>\n",
       "      <td>33609.0</td>\n",
       "      <td>551418.0</td>\n",
       "      <td>34770.0</td>\n",
       "    </tr>\n",
       "    <tr>\n",
       "      <th>2</th>\n",
       "      <td>160806.0</td>\n",
       "      <td>62963.0</td>\n",
       "      <td>0.0</td>\n",
       "      <td>58279.0</td>\n",
       "      <td>72459.0</td>\n",
       "      <td>75227.0</td>\n",
       "      <td>60542.0</td>\n",
       "      <td>58010.0</td>\n",
       "      <td>59151.0</td>\n",
       "      <td>164838.0</td>\n",
       "      <td>171510.0</td>\n",
       "      <td>4024.0</td>\n",
       "      <td>63655.0</td>\n",
       "      <td>96294.0</td>\n",
       "      <td>36263.0</td>\n",
       "      <td>51749.0</td>\n",
       "      <td>96424.0</td>\n",
       "      <td>512858.0</td>\n",
       "      <td>97584.0</td>\n",
       "    </tr>\n",
       "    <tr>\n",
       "      <th>3</th>\n",
       "      <td>107135.0</td>\n",
       "      <td>25758.0</td>\n",
       "      <td>58279.0</td>\n",
       "      <td>0.0</td>\n",
       "      <td>67637.0</td>\n",
       "      <td>70404.0</td>\n",
       "      <td>5237.0</td>\n",
       "      <td>12321.0</td>\n",
       "      <td>8259.0</td>\n",
       "      <td>111140.0</td>\n",
       "      <td>117811.0</td>\n",
       "      <td>53191.0</td>\n",
       "      <td>11168.0</td>\n",
       "      <td>47948.0</td>\n",
       "      <td>69572.0</td>\n",
       "      <td>15230.0</td>\n",
       "      <td>48078.0</td>\n",
       "      <td>565887.0</td>\n",
       "      <td>49238.0</td>\n",
       "    </tr>\n",
       "    <tr>\n",
       "      <th>4</th>\n",
       "      <td>162064.0</td>\n",
       "      <td>83977.0</td>\n",
       "      <td>72459.0</td>\n",
       "      <td>67637.0</td>\n",
       "      <td>0.0</td>\n",
       "      <td>4222.0</td>\n",
       "      <td>63669.0</td>\n",
       "      <td>72264.0</td>\n",
       "      <td>67892.0</td>\n",
       "      <td>166855.0</td>\n",
       "      <td>173527.0</td>\n",
       "      <td>70452.0</td>\n",
       "      <td>58342.0</td>\n",
       "      <td>110341.0</td>\n",
       "      <td>106905.0</td>\n",
       "      <td>77623.0</td>\n",
       "      <td>110471.0</td>\n",
       "      <td>578997.0</td>\n",
       "      <td>111631.0</td>\n",
       "    </tr>\n",
       "    <tr>\n",
       "      <th>5</th>\n",
       "      <td>164832.0</td>\n",
       "      <td>86744.0</td>\n",
       "      <td>75227.0</td>\n",
       "      <td>70404.0</td>\n",
       "      <td>4222.0</td>\n",
       "      <td>0.0</td>\n",
       "      <td>66830.0</td>\n",
       "      <td>75425.0</td>\n",
       "      <td>71054.0</td>\n",
       "      <td>170016.0</td>\n",
       "      <td>176688.0</td>\n",
       "      <td>73613.0</td>\n",
       "      <td>61503.0</td>\n",
       "      <td>113502.0</td>\n",
       "      <td>110066.0</td>\n",
       "      <td>80784.0</td>\n",
       "      <td>113632.0</td>\n",
       "      <td>582158.0</td>\n",
       "      <td>114793.0</td>\n",
       "    </tr>\n",
       "    <tr>\n",
       "      <th>6</th>\n",
       "      <td>103890.0</td>\n",
       "      <td>25802.0</td>\n",
       "      <td>60542.0</td>\n",
       "      <td>5237.0</td>\n",
       "      <td>63669.0</td>\n",
       "      <td>66830.0</td>\n",
       "      <td>0.0</td>\n",
       "      <td>9690.0</td>\n",
       "      <td>5564.0</td>\n",
       "      <td>110130.0</td>\n",
       "      <td>116802.0</td>\n",
       "      <td>54931.0</td>\n",
       "      <td>10158.0</td>\n",
       "      <td>49688.0</td>\n",
       "      <td>71313.0</td>\n",
       "      <td>16970.0</td>\n",
       "      <td>49818.0</td>\n",
       "      <td>567627.0</td>\n",
       "      <td>50979.0</td>\n",
       "    </tr>\n",
       "    <tr>\n",
       "      <th>7</th>\n",
       "      <td>93170.0</td>\n",
       "      <td>7241.0</td>\n",
       "      <td>58010.0</td>\n",
       "      <td>12321.0</td>\n",
       "      <td>72264.0</td>\n",
       "      <td>75425.0</td>\n",
       "      <td>9690.0</td>\n",
       "      <td>0.0</td>\n",
       "      <td>4498.0</td>\n",
       "      <td>96843.0</td>\n",
       "      <td>103514.0</td>\n",
       "      <td>53673.0</td>\n",
       "      <td>18611.0</td>\n",
       "      <td>32607.0</td>\n",
       "      <td>70074.0</td>\n",
       "      <td>8805.0</td>\n",
       "      <td>32737.0</td>\n",
       "      <td>550546.0</td>\n",
       "      <td>33898.0</td>\n",
       "    </tr>\n",
       "    <tr>\n",
       "      <th>8</th>\n",
       "      <td>96389.0</td>\n",
       "      <td>10460.0</td>\n",
       "      <td>59151.0</td>\n",
       "      <td>8259.0</td>\n",
       "      <td>67892.0</td>\n",
       "      <td>71054.0</td>\n",
       "      <td>5564.0</td>\n",
       "      <td>4498.0</td>\n",
       "      <td>0.0</td>\n",
       "      <td>99685.0</td>\n",
       "      <td>106357.0</td>\n",
       "      <td>52903.0</td>\n",
       "      <td>14565.0</td>\n",
       "      <td>35449.0</td>\n",
       "      <td>70126.0</td>\n",
       "      <td>8857.0</td>\n",
       "      <td>35580.0</td>\n",
       "      <td>553389.0</td>\n",
       "      <td>36740.0</td>\n",
       "    </tr>\n",
       "    <tr>\n",
       "      <th>9</th>\n",
       "      <td>8348.0</td>\n",
       "      <td>91753.0</td>\n",
       "      <td>164838.0</td>\n",
       "      <td>111140.0</td>\n",
       "      <td>166855.0</td>\n",
       "      <td>170016.0</td>\n",
       "      <td>110130.0</td>\n",
       "      <td>96843.0</td>\n",
       "      <td>99685.0</td>\n",
       "      <td>0.0</td>\n",
       "      <td>13508.0</td>\n",
       "      <td>148938.0</td>\n",
       "      <td>108482.0</td>\n",
       "      <td>111373.0</td>\n",
       "      <td>159952.0</td>\n",
       "      <td>101894.0</td>\n",
       "      <td>111503.0</td>\n",
       "      <td>568078.0</td>\n",
       "      <td>112664.0</td>\n",
       "    </tr>\n",
       "    <tr>\n",
       "      <th>10</th>\n",
       "      <td>9538.0</td>\n",
       "      <td>98425.0</td>\n",
       "      <td>171510.0</td>\n",
       "      <td>117811.0</td>\n",
       "      <td>173527.0</td>\n",
       "      <td>176688.0</td>\n",
       "      <td>116802.0</td>\n",
       "      <td>103514.0</td>\n",
       "      <td>106357.0</td>\n",
       "      <td>13508.0</td>\n",
       "      <td>0.0</td>\n",
       "      <td>155641.0</td>\n",
       "      <td>115185.0</td>\n",
       "      <td>118076.0</td>\n",
       "      <td>166655.0</td>\n",
       "      <td>108597.0</td>\n",
       "      <td>118207.0</td>\n",
       "      <td>567159.0</td>\n",
       "      <td>119367.0</td>\n",
       "    </tr>\n",
       "    <tr>\n",
       "      <th>11</th>\n",
       "      <td>146051.0</td>\n",
       "      <td>58366.0</td>\n",
       "      <td>4024.0</td>\n",
       "      <td>53191.0</td>\n",
       "      <td>70452.0</td>\n",
       "      <td>73613.0</td>\n",
       "      <td>54931.0</td>\n",
       "      <td>53673.0</td>\n",
       "      <td>52903.0</td>\n",
       "      <td>148938.0</td>\n",
       "      <td>155641.0</td>\n",
       "      <td>0.0</td>\n",
       "      <td>58942.0</td>\n",
       "      <td>80029.0</td>\n",
       "      <td>39112.0</td>\n",
       "      <td>47036.0</td>\n",
       "      <td>80159.0</td>\n",
       "      <td>518722.0</td>\n",
       "      <td>81320.0</td>\n",
       "    </tr>\n",
       "    <tr>\n",
       "      <th>12</th>\n",
       "      <td>105595.0</td>\n",
       "      <td>27508.0</td>\n",
       "      <td>63655.0</td>\n",
       "      <td>11168.0</td>\n",
       "      <td>58342.0</td>\n",
       "      <td>61503.0</td>\n",
       "      <td>10158.0</td>\n",
       "      <td>18611.0</td>\n",
       "      <td>14565.0</td>\n",
       "      <td>108482.0</td>\n",
       "      <td>115185.0</td>\n",
       "      <td>58942.0</td>\n",
       "      <td>0.0</td>\n",
       "      <td>53643.0</td>\n",
       "      <td>75267.0</td>\n",
       "      <td>20925.0</td>\n",
       "      <td>53773.0</td>\n",
       "      <td>571582.0</td>\n",
       "      <td>54934.0</td>\n",
       "    </tr>\n",
       "    <tr>\n",
       "      <th>13</th>\n",
       "      <td>108486.0</td>\n",
       "      <td>33479.0</td>\n",
       "      <td>96294.0</td>\n",
       "      <td>47948.0</td>\n",
       "      <td>110341.0</td>\n",
       "      <td>113502.0</td>\n",
       "      <td>49688.0</td>\n",
       "      <td>32607.0</td>\n",
       "      <td>35449.0</td>\n",
       "      <td>111373.0</td>\n",
       "      <td>118076.0</td>\n",
       "      <td>80029.0</td>\n",
       "      <td>53643.0</td>\n",
       "      <td>0.0</td>\n",
       "      <td>72602.0</td>\n",
       "      <td>38760.0</td>\n",
       "      <td>8393.0</td>\n",
       "      <td>528272.0</td>\n",
       "      <td>5263.0</td>\n",
       "    </tr>\n",
       "    <tr>\n",
       "      <th>14</th>\n",
       "      <td>157065.0</td>\n",
       "      <td>74352.0</td>\n",
       "      <td>36263.0</td>\n",
       "      <td>69572.0</td>\n",
       "      <td>106905.0</td>\n",
       "      <td>110066.0</td>\n",
       "      <td>71313.0</td>\n",
       "      <td>70074.0</td>\n",
       "      <td>70126.0</td>\n",
       "      <td>159952.0</td>\n",
       "      <td>166655.0</td>\n",
       "      <td>39112.0</td>\n",
       "      <td>75267.0</td>\n",
       "      <td>72602.0</td>\n",
       "      <td>0.0</td>\n",
       "      <td>64830.0</td>\n",
       "      <td>90760.0</td>\n",
       "      <td>501810.0</td>\n",
       "      <td>91920.0</td>\n",
       "    </tr>\n",
       "    <tr>\n",
       "      <th>15</th>\n",
       "      <td>99007.0</td>\n",
       "      <td>13083.0</td>\n",
       "      <td>51749.0</td>\n",
       "      <td>15230.0</td>\n",
       "      <td>77623.0</td>\n",
       "      <td>80784.0</td>\n",
       "      <td>16970.0</td>\n",
       "      <td>8805.0</td>\n",
       "      <td>8857.0</td>\n",
       "      <td>101894.0</td>\n",
       "      <td>108597.0</td>\n",
       "      <td>47036.0</td>\n",
       "      <td>20925.0</td>\n",
       "      <td>38760.0</td>\n",
       "      <td>64830.0</td>\n",
       "      <td>0.0</td>\n",
       "      <td>38191.0</td>\n",
       "      <td>530129.0</td>\n",
       "      <td>39351.0</td>\n",
       "    </tr>\n",
       "    <tr>\n",
       "      <th>16</th>\n",
       "      <td>108616.0</td>\n",
       "      <td>33609.0</td>\n",
       "      <td>96424.0</td>\n",
       "      <td>48078.0</td>\n",
       "      <td>110471.0</td>\n",
       "      <td>113632.0</td>\n",
       "      <td>49818.0</td>\n",
       "      <td>32737.0</td>\n",
       "      <td>35580.0</td>\n",
       "      <td>111503.0</td>\n",
       "      <td>118207.0</td>\n",
       "      <td>80159.0</td>\n",
       "      <td>53773.0</td>\n",
       "      <td>8393.0</td>\n",
       "      <td>90760.0</td>\n",
       "      <td>38191.0</td>\n",
       "      <td>0.0</td>\n",
       "      <td>519501.0</td>\n",
       "      <td>3730.0</td>\n",
       "    </tr>\n",
       "    <tr>\n",
       "      <th>17</th>\n",
       "      <td>565191.0</td>\n",
       "      <td>551418.0</td>\n",
       "      <td>512858.0</td>\n",
       "      <td>565887.0</td>\n",
       "      <td>578997.0</td>\n",
       "      <td>582158.0</td>\n",
       "      <td>567627.0</td>\n",
       "      <td>550546.0</td>\n",
       "      <td>553389.0</td>\n",
       "      <td>568078.0</td>\n",
       "      <td>567159.0</td>\n",
       "      <td>518722.0</td>\n",
       "      <td>571582.0</td>\n",
       "      <td>528272.0</td>\n",
       "      <td>501810.0</td>\n",
       "      <td>530129.0</td>\n",
       "      <td>519501.0</td>\n",
       "      <td>0.0</td>\n",
       "      <td>499792.0</td>\n",
       "    </tr>\n",
       "    <tr>\n",
       "      <th>18</th>\n",
       "      <td>109777.0</td>\n",
       "      <td>34770.0</td>\n",
       "      <td>97584.0</td>\n",
       "      <td>49238.0</td>\n",
       "      <td>111631.0</td>\n",
       "      <td>114793.0</td>\n",
       "      <td>50979.0</td>\n",
       "      <td>33898.0</td>\n",
       "      <td>36740.0</td>\n",
       "      <td>112664.0</td>\n",
       "      <td>119367.0</td>\n",
       "      <td>81320.0</td>\n",
       "      <td>54934.0</td>\n",
       "      <td>5263.0</td>\n",
       "      <td>91920.0</td>\n",
       "      <td>39351.0</td>\n",
       "      <td>3730.0</td>\n",
       "      <td>499792.0</td>\n",
       "      <td>0.0</td>\n",
       "    </tr>\n",
       "  </tbody>\n",
       "</table>\n",
       "</div>"
      ],
      "text/plain": [
       "          0         1         2         3         4         5         6   \\\n",
       "0        0.0   87677.0  160806.0  107135.0  162064.0  164832.0  103890.0   \n",
       "1    87677.0       0.0   62963.0   25758.0   83977.0   86744.0   25802.0   \n",
       "2   160806.0   62963.0       0.0   58279.0   72459.0   75227.0   60542.0   \n",
       "3   107135.0   25758.0   58279.0       0.0   67637.0   70404.0    5237.0   \n",
       "4   162064.0   83977.0   72459.0   67637.0       0.0    4222.0   63669.0   \n",
       "5   164832.0   86744.0   75227.0   70404.0    4222.0       0.0   66830.0   \n",
       "6   103890.0   25802.0   60542.0    5237.0   63669.0   66830.0       0.0   \n",
       "7    93170.0    7241.0   58010.0   12321.0   72264.0   75425.0    9690.0   \n",
       "8    96389.0   10460.0   59151.0    8259.0   67892.0   71054.0    5564.0   \n",
       "9     8348.0   91753.0  164838.0  111140.0  166855.0  170016.0  110130.0   \n",
       "10    9538.0   98425.0  171510.0  117811.0  173527.0  176688.0  116802.0   \n",
       "11  146051.0   58366.0    4024.0   53191.0   70452.0   73613.0   54931.0   \n",
       "12  105595.0   27508.0   63655.0   11168.0   58342.0   61503.0   10158.0   \n",
       "13  108486.0   33479.0   96294.0   47948.0  110341.0  113502.0   49688.0   \n",
       "14  157065.0   74352.0   36263.0   69572.0  106905.0  110066.0   71313.0   \n",
       "15   99007.0   13083.0   51749.0   15230.0   77623.0   80784.0   16970.0   \n",
       "16  108616.0   33609.0   96424.0   48078.0  110471.0  113632.0   49818.0   \n",
       "17  565191.0  551418.0  512858.0  565887.0  578997.0  582158.0  567627.0   \n",
       "18  109777.0   34770.0   97584.0   49238.0  111631.0  114793.0   50979.0   \n",
       "\n",
       "          7         8         9         10        11        12        13  \\\n",
       "0    93170.0   96389.0    8348.0    9538.0  146051.0  105595.0  108486.0   \n",
       "1     7241.0   10460.0   91753.0   98425.0   58366.0   27508.0   33479.0   \n",
       "2    58010.0   59151.0  164838.0  171510.0    4024.0   63655.0   96294.0   \n",
       "3    12321.0    8259.0  111140.0  117811.0   53191.0   11168.0   47948.0   \n",
       "4    72264.0   67892.0  166855.0  173527.0   70452.0   58342.0  110341.0   \n",
       "5    75425.0   71054.0  170016.0  176688.0   73613.0   61503.0  113502.0   \n",
       "6     9690.0    5564.0  110130.0  116802.0   54931.0   10158.0   49688.0   \n",
       "7        0.0    4498.0   96843.0  103514.0   53673.0   18611.0   32607.0   \n",
       "8     4498.0       0.0   99685.0  106357.0   52903.0   14565.0   35449.0   \n",
       "9    96843.0   99685.0       0.0   13508.0  148938.0  108482.0  111373.0   \n",
       "10  103514.0  106357.0   13508.0       0.0  155641.0  115185.0  118076.0   \n",
       "11   53673.0   52903.0  148938.0  155641.0       0.0   58942.0   80029.0   \n",
       "12   18611.0   14565.0  108482.0  115185.0   58942.0       0.0   53643.0   \n",
       "13   32607.0   35449.0  111373.0  118076.0   80029.0   53643.0       0.0   \n",
       "14   70074.0   70126.0  159952.0  166655.0   39112.0   75267.0   72602.0   \n",
       "15    8805.0    8857.0  101894.0  108597.0   47036.0   20925.0   38760.0   \n",
       "16   32737.0   35580.0  111503.0  118207.0   80159.0   53773.0    8393.0   \n",
       "17  550546.0  553389.0  568078.0  567159.0  518722.0  571582.0  528272.0   \n",
       "18   33898.0   36740.0  112664.0  119367.0   81320.0   54934.0    5263.0   \n",
       "\n",
       "          14        15        16        17        18  \n",
       "0   157065.0   99007.0  108616.0  565191.0  109777.0  \n",
       "1    74352.0   13083.0   33609.0  551418.0   34770.0  \n",
       "2    36263.0   51749.0   96424.0  512858.0   97584.0  \n",
       "3    69572.0   15230.0   48078.0  565887.0   49238.0  \n",
       "4   106905.0   77623.0  110471.0  578997.0  111631.0  \n",
       "5   110066.0   80784.0  113632.0  582158.0  114793.0  \n",
       "6    71313.0   16970.0   49818.0  567627.0   50979.0  \n",
       "7    70074.0    8805.0   32737.0  550546.0   33898.0  \n",
       "8    70126.0    8857.0   35580.0  553389.0   36740.0  \n",
       "9   159952.0  101894.0  111503.0  568078.0  112664.0  \n",
       "10  166655.0  108597.0  118207.0  567159.0  119367.0  \n",
       "11   39112.0   47036.0   80159.0  518722.0   81320.0  \n",
       "12   75267.0   20925.0   53773.0  571582.0   54934.0  \n",
       "13   72602.0   38760.0    8393.0  528272.0    5263.0  \n",
       "14       0.0   64830.0   90760.0  501810.0   91920.0  \n",
       "15   64830.0       0.0   38191.0  530129.0   39351.0  \n",
       "16   90760.0   38191.0       0.0  519501.0    3730.0  \n",
       "17  501810.0  530129.0  519501.0       0.0  499792.0  \n",
       "18   91920.0   39351.0    3730.0  499792.0       0.0  "
      ]
     },
     "execution_count": 7,
     "metadata": {},
     "output_type": "execute_result"
    }
   ],
   "source": [
    "dist_matrix"
   ]
  },
  {
   "cell_type": "code",
   "execution_count": 8,
   "metadata": {},
   "outputs": [
    {
     "data": {
      "text/html": [
       "<div>\n",
       "<style scoped>\n",
       "    .dataframe tbody tr th:only-of-type {\n",
       "        vertical-align: middle;\n",
       "    }\n",
       "\n",
       "    .dataframe tbody tr th {\n",
       "        vertical-align: top;\n",
       "    }\n",
       "\n",
       "    .dataframe thead th {\n",
       "        text-align: right;\n",
       "    }\n",
       "</style>\n",
       "<table border=\"1\" class=\"dataframe\">\n",
       "  <thead>\n",
       "    <tr style=\"text-align: right;\">\n",
       "      <th></th>\n",
       "      <th>0</th>\n",
       "      <th>1</th>\n",
       "      <th>2</th>\n",
       "      <th>3</th>\n",
       "      <th>4</th>\n",
       "      <th>5</th>\n",
       "      <th>6</th>\n",
       "      <th>7</th>\n",
       "      <th>8</th>\n",
       "      <th>9</th>\n",
       "      <th>10</th>\n",
       "      <th>11</th>\n",
       "      <th>12</th>\n",
       "      <th>13</th>\n",
       "      <th>14</th>\n",
       "      <th>15</th>\n",
       "      <th>16</th>\n",
       "      <th>17</th>\n",
       "      <th>18</th>\n",
       "    </tr>\n",
       "  </thead>\n",
       "  <tbody>\n",
       "    <tr>\n",
       "      <th>0</th>\n",
       "      <td>0.0</td>\n",
       "      <td>4302.0</td>\n",
       "      <td>6925.0</td>\n",
       "      <td>5333.0</td>\n",
       "      <td>7532.0</td>\n",
       "      <td>7955.0</td>\n",
       "      <td>5096.0</td>\n",
       "      <td>4607.0</td>\n",
       "      <td>5156.0</td>\n",
       "      <td>1276.0</td>\n",
       "      <td>1257.0</td>\n",
       "      <td>6713.0</td>\n",
       "      <td>5088.0</td>\n",
       "      <td>5720.0</td>\n",
       "      <td>7165.0</td>\n",
       "      <td>4891.0</td>\n",
       "      <td>5260.0</td>\n",
       "      <td>23721.0</td>\n",
       "      <td>5474.0</td>\n",
       "    </tr>\n",
       "    <tr>\n",
       "      <th>1</th>\n",
       "      <td>4302.0</td>\n",
       "      <td>0.0</td>\n",
       "      <td>3294.0</td>\n",
       "      <td>1466.0</td>\n",
       "      <td>3855.0</td>\n",
       "      <td>4278.0</td>\n",
       "      <td>1419.0</td>\n",
       "      <td>580.0</td>\n",
       "      <td>1129.0</td>\n",
       "      <td>4472.0</td>\n",
       "      <td>5313.0</td>\n",
       "      <td>2857.0</td>\n",
       "      <td>1411.0</td>\n",
       "      <td>2384.0</td>\n",
       "      <td>3620.0</td>\n",
       "      <td>872.0</td>\n",
       "      <td>1923.0</td>\n",
       "      <td>22633.0</td>\n",
       "      <td>2138.0</td>\n",
       "    </tr>\n",
       "    <tr>\n",
       "      <th>2</th>\n",
       "      <td>6925.0</td>\n",
       "      <td>3294.0</td>\n",
       "      <td>0.0</td>\n",
       "      <td>3190.0</td>\n",
       "      <td>3524.0</td>\n",
       "      <td>3948.0</td>\n",
       "      <td>3195.0</td>\n",
       "      <td>3189.0</td>\n",
       "      <td>3196.0</td>\n",
       "      <td>7043.0</td>\n",
       "      <td>7883.0</td>\n",
       "      <td>650.0</td>\n",
       "      <td>3274.0</td>\n",
       "      <td>4626.0</td>\n",
       "      <td>2158.0</td>\n",
       "      <td>2838.0</td>\n",
       "      <td>4165.0</td>\n",
       "      <td>22304.0</td>\n",
       "      <td>4380.0</td>\n",
       "    </tr>\n",
       "    <tr>\n",
       "      <th>3</th>\n",
       "      <td>5333.0</td>\n",
       "      <td>1466.0</td>\n",
       "      <td>3190.0</td>\n",
       "      <td>0.0</td>\n",
       "      <td>3268.0</td>\n",
       "      <td>3691.0</td>\n",
       "      <td>627.0</td>\n",
       "      <td>1270.0</td>\n",
       "      <td>802.0</td>\n",
       "      <td>5392.0</td>\n",
       "      <td>6233.0</td>\n",
       "      <td>2795.0</td>\n",
       "      <td>824.0</td>\n",
